
80.00000000001388
80.00000000001388
80.00000000001388
80.00000000001388
80.00000000001388
80.00000000001388
80.00000000001388
80.00000000001388
80.00000000001388
80.00000000001388
80.00000000001388
80.00000000001388
80.00000000001388
80.00000000001388
80.00000000001388
80.00000000001388
80.00000000001388
80.00000000001388
80.00000000001388
81.07558733560444
83.69998215521801
86.22703877997515
88.45497992638795
90.0745553626756
90.71843472476414
89.85323357987753
86.8791132256471
82.60403747738448
77.13581036329725
70.9650049995381
65.09699933340116
60.84160419823389
59.285825155658785
60.84160419823388
65.09699933340116
70.96500499953808
77.13581036329724
82.60403747738447
86.8791132256471
89.85323357987753
91.58446079010037
92.15091104093185
91.58446079010037
89.85323357987753
86.8791132256471
82.60403747738448
80.00000000001388
80.00000000001388
80.00000000001388
80.00000000001388
80.00000000001388
80.00000000001388
80.00000000001388
80.00000000001388
80.00000000001388
80.00000000001388
80.00000000001388
80.00000000001388
80.00000000001388
80.00000000001388
80.00000000001388
80.00000000001388
80.00000000001388
80.00000000001388
