
108.74008736482925
108.74008736482925
108.74008736482925
108.74008736482925
108.74008736482925
108.74008736482925
108.74008736482925
108.74008736482925
108.74008736482925
108.74008736482925
108.74008736482925
108.74008736482925
108.72336098012346
108.66828798602427
108.02928405265637
107.17265157970391
106.54008563849405
106.31892472949121
113.73938981204407
120.98446260457017
126.75569009743691
129.61612183070056
128.81651698418483
124.73639649637335
118.4516390835757
111.17971073792572
104.0299562290501
104.60906758965561
106.03838295762277
107.59901244047549
108.58571373977966
108.66828798602427
108.02928405265637
107.17265157970391
106.54008563849405
106.31892472949121
113.73938981204407
120.98446260457017
126.75569009743691
129.61612183070056
128.81651698418483
124.73639649637335
118.4516390835757
111.17971073792572
104.0299562290501
104.60906758965561
106.03838295762277
107.59901244047549
108.58571373977966
108.66828798602427
108.02928405265637
108.74008736482925
108.74008736482925
108.74008736482925
108.74008736482925
108.74008736482925
108.74008736482925
108.74008736482925
108.74008736482925
108.74008736482925
108.74008736482925
108.74008736482925
108.74008736482925
108.74008736482925
108.74008736482925
108.74008736482925
108.74008736482925
108.74008736482925
