
69.18725068624363
69.18725068624363
69.18725068624363
69.18725068624363
69.18725068624363
69.18725068624363
69.18725068624363
69.18725068624363
69.18725068624363
69.18725068624363
69.18725068624363
69.18725068624363
69.18725068624363
69.18725068624363
69.18725068624363
69.18725068624363
70.61334941301784
77.16433070006788
84.85150699961969
86.4646060746777
84.32206278009518
78.2465596558526
72.00507161250391
66.70105851088623
62.88286794957669
60.54353975306479
59.36152022243613
59.01062365984389
52.923464192146554
48.68028865617762
47.32890069957247
49.60740465143341
55.4330458381731
63.85608257608487
73.47796278679732
82.81866837809496
90.49253826724508
88.82127664790177
84.32206278009518
78.2465596558526
72.00507161250391
66.70105851088623
69.18725068624363
69.18725068624363
69.18725068624363
69.18725068624363
69.18725068624363
69.18725068624363
69.18725068624363
69.18725068624363
69.18725068624363
69.18725068624363
69.18725068624363
69.18725068624363
69.18725068624363
69.18725068624363
69.18725068624363
69.18725068624363
69.18725068624363
69.18725068624363
69.18725068624363
69.18725068624363
69.18725068624363
69.18725068624363
69.18725068624363
69.18725068624363
69.18725068624363
69.18725068624363
69.18725068624363
69.18725068624363
69.18725068624363
69.18725068624363
69.18725068624363
69.18725068624363
69.18725068624363
69.18725068624363
69.18725068624363
69.18725068624363
69.18725068624363
